561254148690437
236072620329858
745809822762594
021921215332047
559940025087843
897155012777959
977387362390382
886575745624287
456434866498214
199195594526062
222452550718328
269758163962676
564420079987506
692987390867893
143806533838068
717565167197347
926247556349598
147032027768399
738149442363347
688448917090143
056576725516854
833845270441464
858786269271315
359937631922862
699354148100642
286313523461790
637739918672275
299608453689702
781258804941644
221588461997142
613596122359312
140655524099356
575670229523129
727253308361791
103483608627116
434119507835035
679944125831789
192050925301615
066625516624862
887936043574315
332762144301015
154358407212113
924986800794672
973545192593736
277793719101164
124598067237477
525367151158736
622649401677668
165702964043888
328749760223628
331674596446926
478267062572142
783429512156254
376391601974251
480322476255733
315159482906957
129238904078419
556232436641335
301232219821418
479421701067344
191970301901367
117481909166233
252414825063061
167092798120031
724412597117758
930853323539803
205624612498521
151678511985852
988177986099789
146391043281201
002849844696644
610729036240630
405265834578530
792534618735275
110873784766042
146597289652957
773285250682311
842431178791924
048244971452056
439360064730501
249527736026410
181417131505289
538810189024313
274278240438607
133918207247663
060178619093824
669196902540653
640795142761990
989265577245206
986722048820892
964001884716751
139022390632361
683590833226639
971618670839199
017715555876234
727769597905804
059187815832799
109561487431623
212128269405266
452344083615872
